917888714294
917903642959
917905277205
917906974475
917976963348
918004844144
918001177694
917990700609
917986818019
917986468280
917978017499
917986444267
917978005089
918093410703
918087002203
918017143685
918093743330
918120044994
918130510011
918130708230
918133011409
918269555917
918264549051
918240588122
918250305833
918135024508
918169946491
918208346467
918224929167
918225869881
918341674562
918331871173
918320601037
918318872214
918290038656
918284818071
918381804167
918423476850
918427938104
918433595389
918445822170
918447051356
918477931682
918483919735
918486077817
918499804570
918770037075
918726467428
918708285572
918707085574
918652679914
918638903613
918574247143
918527178590
918555899329
918770298935
918770690129
918777861411
918779730972
918789691949
918789885505
918827762820
918851041292
918930497210
918924935644
918923229233
918904311962
918919016361
918866384063
918869856859
918885104030
918983626183
918969069180
918956683726
918950192557
918942971287
919001253939
919001678300
919004322544
919008380960
919088041158
919088530438
919019300821
919039875705
919057581690
919059509404
919075863815
919079905050
919176323574
919174109000
919173286864
919160109753
919140509371
919137649755
919123965760
919101031145
919205966506
919309779698
919312136844
919336779330
919347913709
919348434205
919359220462
919359415839
919403037029
919503059253
919468740338
919494301145
919463688576
919453635797
919429846368
919439472679
919409037605
919637763999
919601525507
919561157094
919649018490
919653084327
919682537778
919709094733
919709703405
919800294733
919797770664
919754435315
919779931095
919711134918
919714647196
919716860490
919728522974
919737304409
919867145710
919855896973
919849835678
919844455984
919803530862
919820652029
919870452709
919873634059
919887530243
919893021525
919900620426
919912154143
919915835882
919927076662
919930150374
919931318899
919999423687
919938343573
919960135586
19177905870
17787214688
17623370418
16479721342
16478360460
14373742364
916205070078
916289444086
916295352864
916306840436
916395272187
917002112794
917007079458
917011946639
917020982410
917027024472
917300739371
917233987845
917095252656
917093317033
917088950934
917082897384
917068310777
917066545753
917045819028
917302624313
917353524193
917359540403
917405140818
917038044328
917827787679
917724808312
917720828736
917660030301
917413999975
917501509940
917506831616
917631099971
917633966992
917696188467
917905084146
917903534144
917898415557
917870243528
237672734634
2349039618896
2349030833697
2348169113356
2348107947695
2348032707319
916200937599
916296245531
916366286362
916913434363
917007761158
917011211720
917015194057
917086228088
917022472110
917024998817
917070043789
917355051496
917327837123
917310069729
917303938589
917291078772
917247683379
917208509945
917096407314
917387919479
917428959536
917506085127
917506600802
917548023234
917626851171
917670837587
917750068020
918088269660
918059885859
918059746280
917906413376
917906327235
917905032371
917800646090
917807168367
917904327509
918130817909
918130296988
918108668899
918104995393
918309552510
918328457139
918340615787
918376929999
918552890830
918530792351
918412820228
918418948086
918420591740
918448959160
918459685653
918527357371
918810665748
918810550844
918769302009
918700541393
918697117425
918650058366
918618487394
918558966957
918850417828
918892071518
918900087830
918905962668
918919503094
919012728247
919023669655
919062292971
919098727886
919468500070
919432729245
919425796779
919359794622
919320978715
919315488421
919119522293
919101919274
919587960897
919560711835
919555670980
919608465971
919622693794
919650230250
919695283797
919730160311
919730737924
919902272733
919844669270
919814832851
919811119725
919769663381
919771516300
919776676445
919789631059
923037946988
923034304362
923005496262
919992575692
919944170161
919914415958
923094002669
923103548340
916263267451
916262726274
916200950584
916399908194
917000709897
917008361585
917016832879
917023707377
917093649220
917309646856
917690078942
917506807315
917424974659
917723833908
917717735625
917787040973
917875577381
917878981179
917895295487
917898446528
918127599523
918054549280
917999799045
917900907579
917905006474
917974137046
917977445573
918194935536
918186041909
918171826981
918171308813
918140021787
918208584261
918261985153
918411944032
918271698445
918272929330
918297766332
918319523005
918354093686
918359999244
918360358035
918381091319
918763035652
918709437525
918561961820
918529179897
918527182747
918471841597
918452955471
918447296272
918787513479
918790870524
918793986456
918795800945
918809418645
918811029664
918860664490
918904514489
919023595696
919011479737
919008828828
919004737030
919004235975
918989638492
918929464111
918932042857
918979330369
919050352609
919044900450
919039616010
919029750095
919108900192
919113769285
919170996999
919177983699
919411603110
919410554559
919178650577
919199153915
919210333645
919326070971
919340975382
919403003057
919657744902
919625417407
919609407215
919563905554
919529830909
919519422770
919465450422
919420167673
919665069467
919671144600
919673763134
919678946425
919693464367
919708190407
919709741389
919717811309
919737372865
919826922108
919794444611
919786554442
919776362250
919776025478
919771906928
919767876433
919764435581
919915581002
919831371235
919921134983
919926808347
919958602614
919974591451
919997018895
919998193907
996990239394