19177905870
17787214688
17623370418
16479721342
16478360460
14373742364
916205070078
916289444086
916295352864
916306840436
916395272187
917002112794
917007079458
917011946639
917020982410
917027024472
917300739371
917233987845
917095252656
917093317033
917088950934
917082897384
917068310777
917066545753
917045819028
917302624313
917353524193
917359540403
917405140818
917038044328
917827787679
917724808312
917720828736
917660030301
917413999975
917501509940
917506831616
917631099971
917633966992
917696188467
917905084146
917903534144
917898415557
917870243528
